# requires
#  col_color_row = yes
#  row_color_col = yes
data data 50,50,50 50,50,50 50,50,50 50,50,50 50,50,50 50,50,50 50,50,50 50,50,50
data data AI CV DB DM IR NC NLP OTHER
50,50,50 AI 3544 238 74 228 246 20 1272 37865
50,50,50 CV 193 4587 6 31 28 2 427 22055
50,50,50 DB 152 18 7789 2569 550 60 47 36962
50,50,50 DM 1073 135 3711 4348 1836 58 689 42740
50,50,50 IR 629 59 1072 1088 5335 82 572 38764
50,50,50 NC 13 6 72 63 55 3385 7 32126
50,50,50 NLP 612 231 12 127 314 5 2403 24697
50,50,50 OTHER 1895 1658 2686 1788 1644 1500 2260 -
